0           47400396
0.005           47191824
0.01           46567344
0.015           45546988
0.02           44159584
0.025           42444204
0.03           40448176
0.035           38223512
0.04           35826544
0.045           33314540
0.05           30743702
0.055           28166540
0.06           25631044
0.065           23178310
0.07           20842486
0.075           18649700
0.08           16618268
0.085           14758930
0.09           13075474
0.095           11565955
0.1           10223375
0.105            9037337
0.11          7994793.5
0.115          7081405.5
0.12          6282425.5
0.125          5583502.5
0.13            4971256
0.135          4433691.5
0.14            3960388
0.145         3542587.75
0.15          3173075.5
0.155         2845951.25
0.16          2556482.5
0.165          2300780.5
0.17         2075590.88
0.175         1878028.12
0.18         1705435.25
0.185         1555252.62
0.19            1424953
0.195         1312014.25
0.2         1213946.25
0.205         1162433.62
0.21         1117008.25
0.215         1076220.25
0.22            1038672
0.225         995716.688
0.23         954346.062
0.235          913654.25
0.24          873012.75
0.245         826434.062
0.25           780105.5
0.255         734096.688
0.26         688635.188
0.265          628783.75
0.27          572593.75
0.275         520260.938
0.28         471931.094
0.285         427681.781
0.29         387519.375
0.295         351374.531
0.3         319114.469
0.305         290552.062
0.31         265455.781
0.315         243565.766
0.32         224601.641
0.325         208274.422
0.33          194293.75
0.335         182374.266
0.34         172240.469
0.345         163631.781
0.35             156304
0.355         150034.719
0.36         144622.078
0.365          139889.25
0.37         135684.047
0.375             131880
0.38         128375.477
0.385         126838.195
0.39         125414.352
0.395         124071.703
0.4         122793.625
0.405         121576.164
0.41         120425.969
0.415         119356.461
0.42         118385.188
0.425         117530.664
0.43         116809.883
0.435         116236.453
0.44         115818.383
0.445         115557.922
0.45          115450.25
0.455         115483.875
0.46         115641.203
0.465         115898.836
0.47         116229.609
0.475         116602.281
0.48         116984.664
0.485         117343.906
0.49         117647.289
0.495         117864.844
0.5         117968.172
