9671
1277
91
2861
5379
7201
2990
3006
7080
877
3690
370
1472
9031
5814
4366
7547
5497
5590
3085
4183
796
4671
1909
2446
5813
6928
2229
314
153
6789
3864
6291
8135
6280
4251
6971
683
393
869
17
3128
9824
2426
1198
5509
4005
635
1413
339
8338
4279
8088
1577
7692
7488
5089
4037
2156
4216
7527
5831
6806
9453
7829
4018
9767
2520
214
3514
3609
4109
4212
2232
5785
432
6814
7194
4679
7538
46
7979
9662
376
911
5703
4626
3526
9329
1836
2321
1441
2301
7251
8397
6455
3083
3398
6272
9303
4094
6552
3659
4301
6707
1790
616
7176
4073
5839
6219
1591
7278
9013
7897
8378
8630
5466
7755
5988
8483
6375
2108
3339
1548
3519
746
9862
1417
9655
9931
1155
6489
1187
215
8857
9297
295
1680
5719
1972
8829
5697
2342
6848
2588
6538
3014
3995
5789
2002
2759
6819
2369
7695
3801
9237
7263
2299
61
2913
5396
2108
4271
9784
7312
5425
5765
8989
5533
9433
5227
661
6983
6232
8906
5612
2000
8422
1699
557
8609
1866
1760
3269
5321
8543
9529
6323
5064
1322
8436
6914
3111
9472
1286
9555
5539
3125
5782
2809
1236
7470
5219
6534
1509
1273
6490
1253
3890
1928
2025
870
1323
3476
8341
9096
4827
8381
5915
7625
8355
269
1001
5941
4772
538
4257
9394
8504
104
136
1483
2468
7641
6144
1848
3352
9201
6722
4979
9364
6507
595
4318
6267
9523
5519
7552
6381
5648
5738
7900
8775
3568
6229
2256
732
317
1534
5250
3414
1576
6018
1654
7311
9326
4719
1630
8178
4513
4212
7935
9245
8040
5879
608
306
7293
3472
7350
9931
4884
13
9205
9913
1188
6492
5966
6792
2463
1553
9183
9086
9419
800
3406
5582
5923
8100
395
5222
63
7807
4201
6319
7679
3387
5447
8710
3410
8387
5963
876
98
7452
2634
712
9188
3616
9115
45
9149
3389
1605
823
7761
4774
7841
5655
5243
4585
9946
3424
6343
3221
2277
7462
8542
9705
8116
7513
6631
9285
8353
7832
1938
9007
8967
1886
7264
6176
22
5703
4632
464
7156
9066
2093
7678
9453
616
2568
283
727
7019
9512
8849
5695
9493
798
8901
8143
2171
8280
8896
9940
1341
4123
2858
7425
9647
1170
4768
4703
1394
9694
939
8438
712
2589
4483
3322
127
331
1318
8193
501
7369
6202
8538
5176
8893
735
8449
1891
3318
4258
8029
9716
2435
2899
9697
4714
4030
32
3604
8682
7303
7823
4054
7292
6230
5446
6046
6479
7278
8269
7477
8678
3857
9391
2447
4210
491
6543
431
6904
5830
7380
5504
7789
7351
4504
5098
7453
2799
3292
6287
3074
1073
602
39
8746
9272
9007
1668
2514
4885
7569
9334
647
6373
8700
9566
4268
7256
8404
304
9052
4357
4878
3745
5604
1083
7230
9858
9625
3387
1702
6621
8078
7765
7019
2825
9565
5801
4468
8754
4116
7436
9862
5733
5712
2432
8116
4545
9030
4785
5334
5479
6892
3133
320
7642
2818
1712
3712
4965
1110
8865
9387
8589
6642
668
6383
9176
3549
9762
1354
8024
7659
113
9652
7039
771
4120
9383
146
8081
4395
1903
6644
3483
1650
9637
5453
3794
4339
9160
6266
4619
2723
7351
8024
2170
4405
1394
1872
7924
4514
8023
5805
3559
1492
1015
4965
8464
7846
7641
4890
8186
9983
1339
5462
1882
7307
9423
9969
5684
610
6313
1522
2264
6739
1295
4633
821
7452
1131
4541
3297
9645
1415
9589
8106
8423
3589
3172
3623
3180
3849
2517
5677
7296
9975
6230
2557
2894
9243
7745
6662
8043
7753
3344
2439
4044
8663
4206
9085
7300
8452
6592
3074
3147
9958
1230
4040
2018
9498
3225
4845
9172
7031
4052
9221
4928
8201
3449
4579
7558
5704
7771
8701
9000
9994
7442
8144
3661
805
9136
3250
8531
2385
3738
9534
9178
1944
8798
7741
3477
380
5601
7238
5990
8562
3002
1319
4852
1028
3234
1915
8892
2390
7150
3571
9339
8185
5795
2749
7640
5835
9093
1937
1806
4321
7184
5385
7362
2606
7544
3369
8786
1270
617
9289
6384
3891
5735
2655
4828
7282
8782
3348
568
6281
1752
4473
4426
2991
9909
521
5187
9881
2536
1999
1532
9573
1
3422
4455
1552
5861
8391
7572
5686
1279
9685
2098
6766
1317
192
6431
7946
3900
2273
5938
9484
1056
9268
238
6030
8298
7065
1177
4223
9157
2113
1647
9317
6226
8127
2899
8274
77
6354
6003
5300
883
2222
1560
9445
3229
1403
1608
5775
2535
2187
6989
7880
2223
2683
2132
1955
4345
3654
3403
3095
9000
702
5421
1049
2118
2204
456
7021
2766
7743
9916
9798
4457
3271
6638
6690
9834
7438
7398
3989
5511
2058
6956
1381
4687
4869
9217
7116
9978
8296
5279
786
715
6671
9735
8857
4002
9854
9426
5773
5453
4581
1587
1395
127
3399
1721
2642
4744
1207
5274
7214
4720
7026
9138
9964
4995
6756
1323
3265
5895
3731
2106
7120
6212
4016
3728
1619
1714
2413
7904
3101
3814
6037
7769
5426
3291
3799
1489
1408
4840
7009
2847
2475
2292
4735
5087
9396
7204
4777
2344
9318
5559
5070
7677
3960
2812
3299
4093
4554
66
5105
3003
7367
299
1141
431
5880
4226
5591
8102
1580
347
4043
6615
1903
1324
2640
8302
9270
2265
9938
7119
7019
4229
7005
1729
5964
4971
8950
4272
7848
3226
671
6579
3932
5614
2578
4754
4672
4170
9519
1026
2228
5578
4081
2405
583
7630
8498
996
6226
2468
9440
9742
6918
3349
2160
8062
8260
565
1437
7644
4428
2621
1941
8065
7291
3559
3306
185
9548
6650
8230
8219
3643
2348
9497
1191
4802
2865
912
5415
1800
4004
5500
3235
2747
9752
2843
5033
1815
3292
4035
8064
4129
7028
9765
8586
5945
8185
7717
1765
854
8442
6849
5984
7053
7649
1403
223
9285
1116
3993
7356
8619
3069
5024
2522
2222
3166
5040
4854
4766
5077
833
8068
5781
4083
7827
7308
9555
7631
4332
4552
6185
4332
1733
3665
923
3445
7592
764
5112
4109
5996
47
418
5260
4986
2947
9151
5393
6785
850
3785
7993
6945
762
8315
2907
7750
5702
7430
8368
4191
5734
781
4690
3482
7203
6378
1386
5985
2240
6700
4228
9824
393
5079
1032
6782
6105
5857
5290
9927
5414
5352
1745
5470
9178
4350
658
1788
9812
214
9775
9282
7903
2073
6442
7168
5825
1871
9992
1191
1880
3384
6140
5837
2487
9565
9551
3918
7831
5997
4541
5572
6356
943
382
5438
4134
5776
9639
4706
2529
3620
355
5011
6988
4397
3339
516
4800
8721
4724
4650
1640
6870
4301
1182
1456
6197
6097
9076
2613
5614
2205
8210
1042
9967
611
1212
3516
7183
6709
4569
7209
6429
3475
357
967
9657
1262
1439
2001
3412
133
8272
3672
9257
4907
7721
1262
516
7848
8673
4860
4179
1350
117
91
24
7677
2356
4413
18
5870
5664
8851
8421
865
1602
9341
1232
677
4290
9626
1500
768
9420
4014
3287
3831
2189
2260
2826
5868
3072
8695
8556
1291
1249
675
4309
9326
895
1820
4031
6352
6937
3171
4062
4645
265
3922
9184
6411
1258
550
9031
4010
1020
7518
4097
4009
9822
998
9777
2040
6094
7827
7092
4923
5851
797
4013
827
9045
6287
475
119
2434
4917
5332
5007
3285
6280
4518
73
2958
469
8960
6888
2831
4575
5337
3924
8908
4090
5751
3292
4154
3245
545
4100
8265
2425
2830
2583
9647
6808
6085
6295
8716
8540
4518
3338
6500
5223
9942
4130
4034
1112
5929
1517
1521
7745
4205
3662
7469
4219
3104
6580
2194
5881
8838
8685
6997
4308
9264
2477
520
4182
7067
9602
784
8482
4129
2323
3766
3949
5913
8257
3212
282
232
5337
8327
6421
1153
1548
7570
6788
7419
120
5622
318
6897
4087
1626
251
835
6512
4014
5706
8823
756
1541
3630
7298
5345
3251
5795
6659
4349
2049
9644
4956
8785
9671
3124
9306
2342
9313
1372
3743
4348
5330
6396
8872
7491
5518
4257
5784
4361
7004
8089
8768
8439
6837
3491
5028
4521
265
8786
2727
6219
3952
3150
411
5416
6059
5378
8592
9717
2797
9381
8804
5572
5048
8624
6285
6632
7910
3954
9096
4107
1576
5541
4702
8467
2875
3436
7819
7864
623
7233
6619
7318
2573
9517
9806
9796
4680
2210
725
8108
7050
6850
9998
6075
3324
7329
266
3230
8319
1734
8463
6145
6436
7934
53
8542
3722
6835
3370
8577
8480
6221
5220
4063
9832
5930
1758
7636
847
1043
7332
3663
5511
6814
6081
9476
8426
1427
6734
5162
5106
7501
2316
8460
2130
2933
1028
4347
5153
6556
5969
7275
818
812
1485
6473
9997
6831
2480
2670
3567
1161
4886
4768
3293
7993
6410
1483
2456
1668
6668
1588
2449
4921
5441
1175
81
5820
6192
6038
8892
5046
8893
9049
3200
6725
3824
2383
6258
4734
110
2819
2794
9062
6621
322
5716
2881
4878
3646
3924
810
2296
4298
3004
2368
8647
251
7957
1287
6799
7921
2784
5195
9168
516
9661
9868
141
1014
2661
7425
4937
7183
67
3984
5112
8957
802
7764
4729
8460
3206
1956
3523
9426
1656
9809
232
6320
4612
1320
3805
8811
1666
3226
572
4822
513
1308
3670
1259
3973
1998
8279
3096
858
3533
467
1028
2890
2955
8600
6105
4259
892
8043
7868
6792
333
8189
8938
4558
3155
2536
283
2355
3282
5661
5439
7329
39
2967
3273
7214
5668
2643
8109
2545
3389
7133
1995
8342
4460
1208
905
5349
5668
8664
7795
3086
7083
9379
9133
3656
7460
8295
7004
4564
3339
7798
997
9701
3677
8890
6467
6435
3236
7551
5516
3670
1927
1320
9056
6514
7184
7780
7268
3264
9395
8784
3125
3219
652
6932
5240
9653
5149
7464
8733
7100
8257
4215
6249
6514
2754
5937
1265
3678
4815
2938
5664
8977
5088
8167
3442
3144
9692
3145
8238
7
2863
7344
9102
7112
3450
7180
6754
9584
3236
4594
8728
7345
3547
9178
4692
7214
7736
6235
9929
5407
6869
8201
5717
9203
7839
2492
474
1750
8356
5720
8447
9245
9353
5068
3771
2770
9622
4220
4664
9584
3893
1392
3256
1038
2139
1270
491
9006
7813
1308
890
6507
201
8699
1098
6244
7892
1962
2767
4931
1725
8752
2527
298
4467
788
7222
4406
9863
4364
1801
1679
3408
1474
5897
9341
4388
9785
9672
5638
888
4809
7682
8687
1977
3971
4868
3660
5414
9536
2764
8987
8978
6233
8393
4728
479
5715
6856
369
5046
3070
319
9654
623
7032
817
2475
7591
4535
2333
2927
2803
2417
9118
9633
2136
1873
6906
5958
8833
7551
9596
5871
6292
5343
5631
419
4253
1277
9927
5650
6525
2905
6711
3921
3068
4234
7902
7918
4235
2974
8293
2940
2942
9231
6492
3465
3880
9948
1406
332
1424
3805
5916
4207
6663
1805
3835
4373
6286
2896
792
3545
5680
2874
3514
3292
155
789
2112
3829
6552
7747
3495
9312
9915
9764
9967
9968
9185
806
3140
748
9257
8219
8595
2174
7059
4530
1249
8336
9569
9744
8345
8775
5515
6454
5377
6917
5884
9182
5497
1828
4799
5430
4045
965
9046
7297
5947
1782
6748
8427
4967
8149
3905
3882
3783
6711
9615
3017
392
6186
4527
8066
9216
6776
8002
8301
8256
5307
1239
7725
3033
81
8745
8908
25
1617
2891
7099
3834
3687
3956
2125
7892
3361
6576
5677
728
6533
1494
7477
8334
4444
2243
2336
2672
7042
7167
8618
2699
2078
4201
3914
6950
1394
9328
3319
6756
2177
4509
9265
5968
2362
2758
6905
4400
6691
5128
332
5906
1725
1198
4299
7654
3395
9941
4128
842
5096
5527
6604
499
7390
6463
1010
5482
2863
3596
130
1266
760
9261
6262
5547
7260
5159
8929
4264
8615
234
5541
3404
8252
1793
4111
9218
8100
9112
721
5253
2079
396
4466
7033
6667
5258
9247
4487
465
6282
5692
8454
6699
9140
845
1577
982
8684
7978
2521
9186
4512
8052
8744
2663
8309
4141
4816
8781
8530
5953
5274
1960
2680
4470
8192
3003
936
958
6329
2778
3260
1297
9450
3971
225
846
8270
3159
2172
8298
6577
8882
8180
2903
620
7554
3249
1093
1860
4328
7456
9083
2416
8881
2670
68
8011
3202
9808
45
944
9498
9142
9248
3374
4359
7711
6636
8110
6521
6217
2327
4887
5804
6851
3140
2411
3506
516
4784
6196
495
2437
3962
737
6687
2312
7791
3275
3150
664
6219
3586
1854
4765
7912
468
9338
7914
6942
335
9501
7790
7044
8966
1267
5557
9235
6643
1890
8555
7553
1325
1123
8972
1632
767
907
3230
2294
9457
4533
3661
2713
4790
7894
3074
1576
1957
6450
570
7579
2349
5813
3991
6324
220
5408
3145
2267
7216
8255
8160
5888
5801
2594
869
5218
4987
9056
9408
144
3804
7842
9286
4139
9657
1746
5953
8565
5463
8582
5682
310
9229
413
5134
4320
7848
4580
2377
8231
8037
5106
8400
9182
8755
6388
8869
7905
7297
7905
4037
7607
7660
5368
1568
4423
816
2277
8868
143
9491
8505
8834
76
6036
5279
5138
6714
2400
8109
7724
5075
8562
3971
2790
8919
479
8372
4615
8481
8042
5418
9612
8758
3099
5240
1320
3666
7873
7010
9825
9221
5808
8533
8701
2506
9352
8221
9954
6371
4916
5407
1580
1800
8370
7985
439
8354
7355
9486
2184
2898
1679
4194
9396
8402
2614
6003
753
2313
9278
2585
4356
8952
2771
6249
7387
4224
7777
6925
4442
3247
2639
6506
9420
7831
2565
1542
651
8561
7591
7194
7859
2546
4768
2131
1045
6699
3627
1132
9823
8278
765
5926
6696
9878
2850
4809
6080
2521
1953
9336
8313
5007
2457
3399
294
8732
1133
8252
8922
3441
1509
101
8876
7642
4016
2963
3575
6676
2845
4359
2749
8562
6285
3034
294
9357
8206
9678
6400
7951
6450
1367
1013
6575
2996
7601
6423
3648
7438
1941
4512
4501
4040
2636
6809
3223
2993
1952
3867
852
9962
2171
6411
5593
1553
7131
3490
5778
6575
160
6354
930
3564
9042
8328
5844
4356
8374
7023
4043
20
2776
6833
9371
6411
2425
722
6501
5332
7187
6364
8073
3125
1566
4721
7378
2207
8483
9540
6820
9987
2169
7715
4875
2745
9429
7188
2176
3516
3011
6961
527
9562
9258
9410
4503
9414
7062
625
1302
5345
5842
3379
6424
408
5919
8917
5167
7562
433
248
5873
952
8737
7074
2886
9471
7829
4293
6166
8320
373
2116
3970
2438
2911
4617
2615
8891
7122
9157
4395
8427
2185
7301
6682
1108
9041
8357
2820
9020
3023
7540
9727
6060
3295
4867
4006
3465
5775
5593
2909
2737
6038
2285
6351
3243
8980
8618
2406
8972
1773
5592
1826
7148
5937
4727
6521
494
4427
6758
7463
7011
2267
6823
5035
9611
6543
3779
8058
6011
5029
7710
1080
7383
5373
8779
2525
5785
7612
2313
7761
1799
4518
233
3819
9563
3899
1365
2701
775
5088
8826
2308
1552
3888
1556
3630
3786
7687
1057
3043
9722
1433
6761
3583
2737
9504
2291
4365
9021
8460
4304
7476
6994
7534
9744
1902
1020
3260
5109
8664
1637
879
8998
6089
6860
3073
8982
9173
5029
2015
5299
2340
442
308
7973
9851
3035
309
1078
7971
1540
4054
2343
7577
5159
1670
9349
8407
9049
1195
1997
2150
4010
4564
4128
3248
864
8838
7614
4801
8250
561
736
2425
5047
9733
6440
9770
6436
262
2050
8442
4969
5921
9325
9948
2382
6947
2577
5316
154
1509
8534
4021
2151
2492
6043
1382
3401
1568
7751
7389
3767
9071
2909
5611
4307
8081
4249
8236
8187
8508
4414
7035
7191
898
8177
2008
6096
5462
1220
8181
8878
9584
280
8337
5100
9806
6303
2874
7072
5670
5937
1613
1537
5855
7934
1394
3227
3631
6296
8390
7786
7707
6576
9103
7443
2480
8081
2155
4379
6176
4737
1979
298
7445
2332
3033
3918
8508
7096
12
1653
2850
4455
2299
9097
7231
9640
4928
2807
7680
2881
3563
510
1345
1524
317
8648
4915
6386
8088
3618
3089
6341
1178
3269
818
2931
3454
9344
9328
2728
3687
5530
2240
7354
3435
3150
7940
5910
5004
5700
9857
7659
5500
2496
8491
2228
5661
2668
4826
2005
6167
1701
5059
1351
804
2100
7327
3526
6632
2284
2957
8021
9999
2054
6497
8789
1594
6977
3681
9686
9931
3974
9726
2858
4769
1990
4949
7549
4002
3708
7109
358
3435
3430
7998
6328
7155
2546
5717
8927
4316
6345
8703
3913
5395
8022
7291
6629
1973
1995
3679
7315
5574
1909
1312
9849
8278
6506
9333
8877
9210
7563
9637
9730
4854
8649
3154
8579
5864
3986
358
4380
5183
1225
4305
3013
9403
3433
3745
5626
4934
5443
8709
3608
1204
9472
6822
6191
7284
4576
6573
4146
2203
8731
6521
5888
9394
1730
4039
8794
7925
7785
1323
9038
2954
2929
544
6348
6524
9505
4009
2011
4609
3291
9186
8730
3057
6273
8059
6069
5835
3826
3074
6934
667
8174
5011
664
2393
8815
5045
4865
7376
5014
2185
6599
3466
3878
4266
4717
330
7735
3883
3416
5953
1641
3289
1872
650
3968
9821
9518
1539
6553
370
4418
2510
2015
4328
4475
4638
1212
2375
558
9234
8723
181
7413
7565
5885
6390
5444
711
7415
2171
1044
2689
4812
3484
7024
7812
9482
2900
203
5191
4825
8061
2162
2516
1444
9902
2798
2160
1189
9085
5087
9770
9739
4073
2539
3870
7953
4160
5407
826
1168
4107
4168
1621
2523
1740
5456
4541
2315
2481
6485
8743
1229
4476
216
405
2404
9894
9390
8357
5982
9744
384
8394
2990
4978
6112
212
872
1625
6457
8041
3831
4482
2071
1451
1513
4153
4251
6506
4567
1920
3923
5746
6439
1220
6710
414
5405
2072
4521
7251
6721
6184
7378
403
7339
1252
3707
835
9028
872
7203
3630
2908
7076
8656
6718
3435
5054
3018
8514
6414
4759
8500
9357
347
6448
7508
7873
6651
6166
6473
6056
4936
4482
8522
5356
7277
132
8314
7498
8237
4356
4499
1589
9702
3092
2980
4941
6430
3182
3082
2698
5715
372
836
3390
3514
8009
9821
1012
5145
6607
2114
6134
5935
3293
5740
8271
1317
8806
2521
2239
2074
5974
5594
2945
2406
2395
5721
3976
4608
3793
1207
6916
4388
3605
9331
7329
2709
7217
1600
6763
6937
7780
3558
6404
142
6517
5026
8069
2333
1526
1914
7779
6369
1426
6646
263
5751
1797
9175
6143
2646
7301
8921
7801
186
2176
7144
601
5811
1442
4974
7628
114
9340
5225
1533
1535
2134
3920
4170
4193
3075
2180
3522
2917
7642
9476
5146
6995
6054
823
6322
7752
844
6038
7793
5211
3176
7509
7734
9782
376
5406
3590
4985
7348
1960
8718
9534
2763
8536
6743
6344
5217
3491
1675
6801
7712
1749
5256
9580
2612
4656
2508
1639
5400
5964
6197
9618
7132
6728
6312
1134
112
2339
6220
3229
1599
9914
6011
6890
7173
8995
9505
344
4717
742
4048
3556
9624
637
8548
911
4332
1822
1197
6476
3392
9071
4651
250
1110
782
2740
1157
4356
308
3753
2997
8200
9543
4165
5677
3515
2604
5343
602
5246
2819
8719
5238
9532
7907
5124
7745
5390
9199
5748
4997
8897
8622
8620
6940
2698
4974
985
6871
2253
6016
9177
5403
2694
3946
7220
6529
726
1968
2418
3378
2335
7414
4354
2685
4461
4776
3678
2982
3550
3641
434
2061
8544
9343
4694
3
5453
82
5987
3209
204
1389
4869
7693
3737
2702
2302
4159
5541
2084
7523
4680
1319
2841
6670
52
7402
8663
6083
9791
8727
3880
8610
5529
960
2279
6032
6116
9526
9472
7090
4266
4039
3727
68
9496
7346
9733
5018
4822
7921
3677
2942
8927
5087
1701
3524
3804
5270
3774
7859
1175
7325
3529
3487
3597
7779
2014
7919
2701
4617
5745
4690
8753
8816
1822
2292
2699
2652
1910
6934
3322
9208
810
2252
1435
4720
9833
7389
6274
292
1588
2349
3016
7328
6100
2854
5650
8360
1956
1791
456
731
5659
3505
8053
2445
3667
6021
4089
3984
2179
4669
7480
444
8588
3512
4075
361
5125
8147
7933
491
1829
2773
879
3837
7424
9516
4754
4535
6349
492
3748
1562
335
3770
7061
7064
29
8324
8324
3171
1950
9927
9442
6938
3990
4711
5452
903
4100
2304
8431
4066
909
3318
9269
2431
5910
1202
1085
4509
1033
2356
1179
7509
8669
1750
5205
3951
1034
2083
5201
2572
1554
8659
7913
5972
6751
8673
4392
2173
8504
8950
5326
4739
1489
5914
5681
2922
4841
5173
8479
2892
4862
9278
9659
1782
7340
1526
1421
6627
7457
6190
5425
3092
1222
2561
4915
9854
3630
4654
6667
8838
26
524
4845
170
4131
3862
2348
9549
909
218
3528
6857
9020
1593
7185
8289
5906
6882
120
8554
4729
8211
8811
7042
4570
6994
571
8021
5505
308
1038
8895
8549
7772
9183
2090
4521
6885
1013
4178
7423
6359
79
4965
3503
7792
7507
5808
7543
6547
6595
1521
9952
4264
2835
7095
6535
8362
4916
1578
211
6835
3051
6620
8643
1719
212
1322
9504
8349
7615
4536
1538
7688
5648
9649
7413
6264
1946
2532
7290
7220
4132
7151
9890
4286
649
9244
7452
5919
3292
5160
5325
574
9950
4867
1925
872
4405
2370
3307
8417
7158
4361
7922
8192
2363
9568
8700
4524
183
6581
6232
2563
6042
201
6911
275
3106
7452
3158
4221
6678
5653
9542
6432
3425
9563
2388
4838
548
7258
5634
3040
5061
7180
5326
5015
3587
5954
8915
8862
4895
7188
525
2126
3080
8371
2476
7757
7978
7413
3624
5318
9593
4806
9069
1279
8509
3632
4117
5217
6263
1974
3607
2323
5267
6289
6545
9733
916
2170
2603
7819
1676
8677
2127
6643
1258
8792
7977
2121
3957
4092
9360
9670
2658
7841
8665
8399
2181
6631
4139
1404
674
585
1776
6405
8866
8182
568
7792
8216
6252
517
1239
8011
8278
5380
7906
8933
8124
5730
980
1749
6306
2869
8362
9583
4282
7928
1077
2856
8533
8543
6305
5424
5853
7952
7339
7560
6388
6165
2586
4555
6486
8887
1975
4620
6271
9029
8917
366
4853
2357
7198
7794
102
8919
9370
7685
5426
9068
148
5153
2849
9077
3271
743
2726
6277
5866
5587
2768
1208
7607
7000
2166
1498
5212
6795
1039
9645
9265
8833
4891
5913
6097
5623
5023
9414
2061
4993
2509
8819
8141
8879
6775
3564
8226
6227
6698
2843
435
8320
3455
7579
1536
8568
1620
6935
2853
5276
4282
3287
6308
18
938
8800
6116
3210
4372
7064
6965
445
6382
7943
7300
9907
5062
738
108
1745
2551
3109
9143
6473
7730
8567
4152
2278
1039
3103
5496
7422
7450
3959
1013
799
2237
7976
9126
8340
4104
9146
9365
1287
9266
3303
8111
4296
9658
9499
5211
3767
5480
1797
2030
6006
17
6611
8368
694
4968
6454
7480
1896
8342
3995
3645
6403
4859
1420
7899
9816
2205
5056
5517
7491
919
8103
3520
7642
8578
3761
4080
1094
2227
630
4135
3778
6800
5219
5197
869
6746
4017
1721
7176
9119
6839
6104
4486
6032
3243
108
1202
7017
8838
5375
3486
6207
2149
1259
673
5273
5505
2265
3668
2207
2910
1775
6562
1576
5981
4383
2599
9699
9567
9836
8456
838
5566
6331
7322
7262
651
9794
2509
7705
7649
8524
7332
7648
4468
774
8188
3519
4310
6279
7399
8606
8387
7836
809
490
8965
6745
9647
7271
8702
1991
248
975
8291
6938
5528
1953
4170
6592
5365
8351
7293
6663
6949
1636
4794
9481
6244
4089
9151
2207
7931
9310
99
9917
8150
7961
5911
4152
2820
6525
8952
8105
5132
1490
5363
7793
6993
1632
7849
3450
3336
7515
448
4436
2355
6062
4490
8181
7231
2949
384
5309
4149
5268
3171
3042
4063
7817
5523
763
8298
1032
1335
2313
5322
6863
9185
3678
3777
1589
1369
5174
1850
3652
3220
8126
1757
5447
9227
5733
1408
3882
4255
6674
9243
6916
7678
8842
1269
5514
5379
9523
4876
9372
2540
7590
9171
4121
2418
8647
9460
3776
4257
554
2996
9202
9557
6411
1011
5973
9461
1880
1889
9899
7918
1670
4411
2494
7112
2870
9590
5116
3766
4474
1912
6916
7425
9172
4105
8579
6611
7410
9613
4089
314
3455
6036
986
1665
7099
8257
1925
9956
6815
7263
7479
8617
2965
3231
4682
1485
6337
147
6230
132
7886
7329
1419
3078
7745
5447
7083
7670
6797
9508
4488
9390
9141
8526
9908
7489
5822
5237
1417
1009
383
886
4617
5819
4299
4408
3470
3128
397
1529
6793
7376
908
124
4615
4342
1812
725
5990
3135
9438
6303
4380
4700
9144
1112
6529
3228
9259
4156
8812
1263
7550
6209
2466
8474
3454
5122
832
9036
8999
476
4260
8432
5711
2854
4305
3092
5163
8877
3780
5037
6385
7619
6522
7076
10000
9449
2341
2286
6293
6434
2420
8744
796
8908
7462
1203
7056
3518
5589
3651
3295
4241
7318
4167
8798
6328
7339
9340
9150
7632
1049
526
5411
6523
2282
5710
598
8342
3850
268
1855
3813
8201
5813
6400
27
3133
8886
8580
5066
5980
4367
5669
7237
3189
6108
3144
6880
3404
6729
7227
7132
2095
3226
3200
2816
6847
9115
6577
4706
9105
3558
8203
1119
9568
2009
127
5294
8038
9070
9467
89
350
6989
3860
4980
4059
7753
4563
3726
4612
523
6256
6767
5608
3628
647
9515
3735
2218
8549
8298
6441
2136
8632
7004
7712
7019
1147
3427
6030
6600
373
7176
1712
1120
1011
1725
9111
6620
1286
4700
3209
8221
6468
1931
3535
937
7537
9616
7570
3456
6984
3472
8662
5916
3359
2328
9437
892
4475
2507
7811
1631
7115
2307
2623
4141
3887
2322
8171
3078
2442
7995
2377
2315
7781
5378
57
3780
8100
7875
1511
8134
8076
7211
6824
512
2430
8003
4995
3669
7348
4973
2924
3947
4496
24
8256
3678
7855
5650
3893
9153
7140
8566
3785
2309
5533
7209
2178
1711
4693
978
9100
802
4833
6728
7253
3478
8493
3219
7285
5882
7934
4435
6962
1719
6067
5885
423
485
7480
7757
7995
2742
4000
5255
8162
1352
5312
9520
3499
6291
142
4485
2934
8388
3590
59
9507
5064
1452
2749
1262
9654
6862
5345
4790
4604
6061
5822
292
8500
494
2299
1380
2492
4104
4791
2227
6440
7325
4533
6340
5990
797
2788
2021
2114
2885
5792
8167
6709
3245
1912
9454
2036
3196
9266
3492
9792
7132
7273
8118
4918
1569
4959
6504
2577
1518
6115
6621
7644
3683
7546
137
5047
6477
3987
7720
9935
3357
6361
767
5348
5323
4830
4619
6621
1690
3803
1310
8036
5668
4405
1361
6740
9089
9378
482
8559
7129
795
2160
2097
1944
7725
5397
2196
3151
2652
3238
1802
3196
2162
3704
9394
9578
8594
7653
9503
8198
2020
5273
8882
7065
2770
5620
7562
664
42
7
2898
5271
3110
7550
4939
4775
7561
137
6701
9703
7102
6532
8648
8840
8617
7763
5419
2092
8703
7451
5401
6889
7310
2192
6696
305
1439
708
3701
2221
6258
8070
216
7938
9699
6806
383
6451
4287
3476
5595
9967
5564
4926
982
3129
2617
4814
5962
2605
4052
4139
8178
6506
7080
2127
9079
493
4205
6780
2494
6990
2682
1081
4129
7880
8991
8476
6239
195
9643
4507
777
4709
1264
1417
476
5398
2386
1592
6927
1849
272
1412
3804
3091
2724
8438
9116
5928
7890
5197
7517
5023
2892
6203
3651
9842
3565
3300
1482
6157
404
837
7320
4901
8886
2504
3497
4860
8131
2621
8227
2305
8932
262
1336
4965
6941
7990
6647
169
2275
4907
9634
9807
2232
4764
5929
1421
8505
5452
7572
8329
5690
1403
5617
6334
9797
2621
3666
2741
5748
434
4138
4718
8085
1957
4490
3004
913
9844
196
1712
8067
8058
8286
465
5077
7913
8351
3510
9172
7528
1653
2289
8428
4186
664
5605
5015
4692
2603
148
5058
9685
4159
8131
4963
3084
6076
8443
89
375
3838
3474
4079
9410
2792
4740
5914
5292
5180
7450
1108
9200
7141
8632
7403
6776
4908
2053
1616
2682
2077
7546
5420
8756
4373
2492
8633
6729
2208
4364
5912
79
6109
440
574
4127
3368
7171
9197
6757
8220
4131
4793
6639
2953
1893
5321
8674
7918
108
6187
891
8761
8005
4072
6823
7266
9455
9475
3669
3503
4443
3232
6451
2323
597
4387
7869
1432
7253
9277
609
3569
5341
2998
9165
7566
5791
3339
9023
6063
6777
5977
693
83
3537
9057
3780
8096
3338
1039
4035
5059
5744
2498
8202
3628
3277
8185
9114
1943
1583
2853
3142
2206
8592
6519
207
1964
9186
8196
4215
8741
395
5414
8604
8220
2808
9165
5890
9976
5039
1887
5786
1292
228
5650
222
4760
4390
2087
7765
5706
2349
8360
8271
1047
6344
8877
5280
3141
1188
1467
6017
1604
9017
9700
4230
9541
3046
9830
1886
2113
1071
2404
2054
5632
2899
3734
4627
7264
7000
897
9359
6517
3322
2175
6753
2808
1172
9594
9278
7375
5269
6391
7430
9941
6335
1136
4347
6129
2710
5621
9299
3637
5102
9792
7189
5469
8918
3009
7410
4611
1059
112
7556
9107
1316
3908
4463
4877
1696
9229
2681
1388
9183
2796
788
6342
9925
2539
208
482
2187
2001
1620
19
5315
7464
1651
2953
3434
131
9896
461
843
3188
3252
7890
6521
1420
7136
8203
33
8299
2750
2223
3643
3601
2344
264
4691
9133
1550
8928
8645
5154
1898
9153
3626
2032
2781
9215
2126
4455
5564
3487
6386
7012
241
4932
6258
4126
9408
1126
630
3931
8550
1937
7712
4567
4075
7818
6354
3288
5632
9416
7697
7229
8593
9915
4354
8265
1444
9747
5431
472
612
5956
6470
918
8743
9601
850
9945
6548
8542
3947
3999
5054
9485
6158
4161
372
8423
2055
6618
3174
7197
8334
4673
2353
7572
6791
722
782
884
9754
6150
2635
7590
7807
9147
774
2685
5804
5384
2970
6922
2755
1578
3007
831
79
6526
5132
4129
1922
3459
6466
3547
2122
8970
5234
8615
3536
6127
6149
5689
8921
3513
1463
3759
8208
9337
5294
749
8019
2741
7570
1592
9449
5215
8552
2643
78
2634
1785
1743
851
6514
9118
2197
7416
9390
3024
5767
2845
766
7884
1993
9850
2867
1459
1539
7334
7729
946
9064
2853
2439
7335
1859
8227
1177
7886
8231
9811
2518
2833
3149
3132
1244
8132
834
6962
6385
337
9268
5982
8265
6559
8241
7142
3649
8455
6036
8179
9914
3488
9481
6743
3959
559
3331
4003
4906
2063
4312
5331
7641
6619
1413
6512
931
2808
8790
2690
9374
4211
4321
9171
8021
119
4348
8408
7297
5692
8694
6395
2512
811
17
9058
8086
9430
6452
6428
2303
4873
8525
4301
236
4064
9102
8075
6828
6791
6739
315
700
8
235
2245
2498
108
8495
9530
224
3836
8147
20
4196
7663
4817
17
1802
2026
418
730
4170
8843
9904
5244
7050
3355
4361
8837
7519
2271
5157
4590
3863
9634
1804
2985
1635
9470
4328
5774
2403
1105
820
8146
9986
9841
337
9305
6256
4283
568
1347
9823
7724
6699
2022
3089
903
2983
5629
1557
443
5970
3547
3710
9246
9867
5138
6014
9309
9191
3577
3043
1706
1873
3673
7014
5532
6442
495
35
4741
5773
702
1840
7812
5106
9903
6770
1931
3474
1919
4899
6530
765
625
5233
6869
280
3568
2653
4903
4996
5588
4525
5219
9878
7885
9898
6901
2599
7603
599
7937
5237
1520
781
2430
3378
7585
2223
2368
5876
5208
8166
7777
4792
4301
5796
9278
1789
5526
7104
4895
9771
5323
2811
7481
4900
7914
2397
2026
2677
5778
6579
7201
6329
9348
9011
681
6676
6751
2346
2973
3802
1904
6672
3445
4826
8145
457
7793
5948
8754
545
6112
9308
8014
1252
6755
3615
6680
1316
5717
85
8171
7771
6590
8415
9117
3531
9695
8557
235
5782
9741
4362
7459
5530
7149
6413
9095
5171
796
3219
1967
9944
8156
4964
4529
5430
2557
8029
7511
3857
2369
4283
7964
5859
574
3990
7642
270
2611
2297
9259
8488
7745
8720
68
4141
7337
2410
8651
5189
5804
5735
5435
8332
3384
3768
6318
5662
1339
9833
2048
8633
9200
1231
5653
1107
2227
4961
2277
5578
9926
8655
9663
1241
1199
1800
7354
7298
6289
5355
7852
7386
2542
3416
5853
8199
1497
6252
5930
107
9492
7585
6338
8300
9724
1774
9574
9136
9531
3875
1295
9615
2394
7485
2935
1682
1513
2221
5222
5116
494
3491
324
5701
7073
481
2484
6518
8339
847
4686
1768
3650
1287
7552
1630
1055
5912
1325
3406
7631
61
8367
3214
97
153
8453
8671
8224
7147
8346
3726
2065
1221
5780
2977
7470
1331
593
1579
2564
9592
5604
7935
8165
9767
7530
4495
1476
9362
5243
642
9443
5381
6700
3018
23
277
4113
7068
5851
8848
7875
7911
1530
5101
4784
7426
8090
2440
7513
7949
1466
525
4289
9058
5330
2254
4931
1183
8363
2795
2627
1585
9341
2513
1375
4139
8225
549
8675
4798
4944
8193
3887
7467
443
5883
1403
3737
8910
1049
2905
8922
6850
3066
5619
4536
9054
2916
6080
6650
3568
5667
539
1769
6069
7044
6340
11
508
7312
844
631
9151
6753
8101
3062
2691
711
5815
8824
4343
2361
164
3582
533
8029
3452
3927
7526
1069
3671
9096
1083
6893
9013
29
7310
1487
7969
2112
3406
6263
6956
5213
4196
9611
4377
7966
6140
7972
6140
9347
639
9301
2162
1094
5010
6102
1673
9893
5501
1716
439
7198
1341
1195
4935
3055
1932
8114
9949
6150
4772
9748
7887
8239
7824
2643
2582
9812
8903
6137
7779
4803
1142
4427
5810
7756
9854
4112
3786
7415
2487
7323
140
8790
1846
7596
2583
5543
883
5911
2162
5412
9653
3097
5047
4929
5680
629
550
5648
2484
3334
2738
9277
9639
938
5832
4063
835
3354
9270
3829
4176
8853
1500
6767
2822
288
9606
3945
9106
2071
660
5492
1660
4600
5343
7516
9533
6280
8078
166
4961
4488
7234
4965
4614
4482
6556
4590
233
4978
2329
1322
8656
2526
8769
304
9286
5792
9372
2288
4842
5978
6243
5498
9802
3908
5875
9890
6262
7245
1514
7835
2102
5663
8955
5962
369
5313
4784
4879
9826
3015
4619
633
5580
5924
6113
662
4753
7322
8464
3856
7609
7723
3456
4389
9285
691
2168
1985
7441
7739
2323
5828
7205
5065
2156
6536
1153
2722
2171
4964
6911
8367
2462
5218
9688
2696
3269
1033
6715
3057
4186
4949
9072
6004
8653
9749
2245
8141
81
7927
7012
8105
3871
2090
5556
4118
8326
8412
2456
7275
464
7298
2220
7160
4592
45
2930
8879
6787
2769
489
2230
2981
7415
6563
9457
2931
9615
6821
3309
7484
8661
4579
8020
8697
2830
6014
5668
4404
1818
1913
2363
7218
3159
4278
2875
7870
3503
519
400
3854
1809
9438
6064
7262
3991
8309
172
2492
3785
1275
4706
2439
3214
9859
9494
3873
8302
6180
273
6418
2505
8781
3757
9582
7048
2501
8589
3021
3587
6700
1464
1296
8802
5496
3213
1822
7730
7970
7066
3964
7139
806
2115
5280
7683
559
8234
1842
4976
295
3083
5008
8176
3663
113
2941
4067
1622
2924
8117
7179
3135
1297
9303
5072
5098
2223
9951
885
7246
900
1257
9925
1079
5563
5552
6958
890
2304
2707
291
4314
4010
915
5992
6709
7972
5297
9302
4210
3209
6490
5169
3248
1245
7716
3367
1559
5159
7837
3060
3141
8733
3110
7393
1841
1595
8081
9299
8760
3304
5858
4168
8259
479
4094
7514
6146
1572
4642
4923
2289
3115
3343
303
1028
1930
1298
3918
6934
5209
148
4242
9232
9606
7373
5334
3614
8035
7666
7485
4198
6284
5476
8120
2334
3924
845
9767
3211
9556
2763
7843
2449
8010
7841
7210
6426
1865
2896
6067
9288
31
5028
6729
2399
2354
1872
3687
8680
5067
7137
2456
8807
6846
2865
1922
1431
8356
3349
1022
6886
7065
2079
8653
2836
5987
5928
7874
2767
1232
9866
3636
9862
4644
2376
1258
5170
9556
2733
8934
4525
4880
7960
7558
8209
4359
5671
9376
200
9660
7027
2767
8995
6075
5140
8641
5604
2441
9953
6295
3079
1823
3237
450
6058
182
1676
3825
7812
3658
2149
5394
4240
8984
3530
2859
3071
8724
8959
1929
5907
779
8322
3298
9580
868
3197
5665
8308
2260
2167
2673
4535
6936
5366
6595
4115
8242
774
7537
2038
6909
9820
2602
7240
5581
6414
8059
6562
3827
5817
4580
7568
855
418
8878
226
5463
6134
7081
3108
4204
5424
9774
1927
959
268
4720
9977
3263
6264
3292
2544
5251
120
8410
3636
3005
387
3028
5281
2290
2394
3579
9877
9162
9297
18
7054
744
5868
765
665
4391
1786
46
4339
8471
9246
5502
9270
4547
9000
7346
7203
5162
885
7606
7306
8906
7148
697
4378
1830
5055
1644
7684
2527
5089
4446
1881
5735
3294
5794
9951
9880
285
8067
6735
5753
6149
5686
8742
4058
70
7730
5561
921
4102
6247
1325
3022
33
8627
8722
7782
5006
1207
9091
3648
1294
2384
6907
9484
5727
5837
4887
5997
9679
2890
4582
1889
3818
3498
49
4652
932
7615
260
984
3744
1777
5505
808
7663
7524
432
7176
45
1149
5763
7247
2608
160
2494
750
8967
8442
1837
8918
3143
6724
8009
1305
616
4831
1141
5019
730
7111
1256
7118
8377
2857
5465
680
3336
4708
9560
6544
2753
8519
9683
4932
5744
6527
3272
7853
143
1834
7240
4212
5452
2883
518
964
8231
2179
5222
8892
3719
3608
4927
6689
2952
7210
2697
2655
3388
2959
7702
7222
6018
8534
3831
9465
6296
1016
3833
9534
2578
1578
2179
2431
966
6137
7997
7103
9312
6758
4942
5167
3766
7229
5051
5807
4769
9682
2617
8486
8259
2132
7386
9160
7257
9047
174
1883
3044
1894
5890
4241
3068
4153
9934
3478
7707
9452
872
9802
614
7000
2161
853
1195
758
4738
6278
1481
3490
9613
7116
8883
7599
615
9194
5330
9130
6570
6942
1975
3678
2281
257
2473
1760
3088
3718
6814
8750
6800
1714
7994
4267
4639
7541
5525
3584
7035
8555
9332
8691
738
5956
4135
5343
456
727
2765
5219
4841
6029
5165
3670
1110
9276
1037
4379
2141
1883
7697
5990
3625
8249
7226
2382
602
2043
851
4021
1504
4617
3576
6077
1910
1680
9395
6382
1956
6811
1618
4193
9554
3611
354
2433
7487
5968
8056
2622
6067
8526
9805
3734
2213
217
7485
6283
3709
1905
5754
3633
470
6431
6620
5000
9042
1302
1687
4386
5970
9981
1772
3252
8664
2320
446
2654
9913
3308
2986
7167
5470
9091
1882
7481
6854
7097
1994
5343
8816
5033
1789
544
8131
6650
1348
9907
175
1165
3100
4838
3959
1734
4331
8184
3566
9657
6990
4480
196
8599
4582
8380
4179
1350
5085
7960
1505
2208
4990
4229
9429
271
1535
5813
1662
3384
9185
8603
7078
628
6193
786
1308
8350
246
8702
3104
8291
6096
4722
3650
4788
6802
2902
525
3405
409
2276
3242
2774
1341
8498
8342
5080
4056
7226
1237
3257
5559
4093
2885
9437
3692
7219
2568
6175
230
9143
4266
4530
5716
1224
3264
6952
8716
4564
6251
2884
2551
1422
769
5850
3666
8328
6560
9180
5983
6477
379
3077
3623
7406
5152
2268
4937
4809
9753
6099
8217
8283
1391
3993
8359
3694
9480
3758
4702
3875
3644
1540
4937
8820
5005
2034
8480
2880
9187
7517
7703
8056
9991
9316
4814
3707
6682
2802
8974
6757
6057
4045
9631
3932
2335
4302
599
5417
4995
1240
1379
4576
5707
9124
4681
7875
2835
4996
9784
7901
525
312
5008
7289
8669
2100
5119
916
9430
7811
1371
193
6153
1789
7571
8577
1300
7387
7906
9802
5331
4956
1788
5092
7000
1424
563
9182
4743
1924
2714
4753
3499
5501
6086
4608
2014
5936
1017
587
7413
253
4390
1304
3458
9865
5887
1284
4355
8743
9600
3152
6441
2955
1210
9331
4210
7365
9401
8598
2580
7026
7992
4215
9714
8353
8120
2796
9902
6992
7820
1857
724
3946
6953
9800
2447
5044
7352
3062
7562
6625
3755
2732
8934
8792
673
8199
7781
1180
5358
7174
8207
6828
8620
8144
5720
3907
6305
9406
4729
1123
3420
3717
6793
5444
6324
8676
3460
7439
2617
3101
8562
871
5066
3584
886
5183
6091
4063
1195
7701
8463
1512
3211
6935
8577
8987
1024
7673
766
8437
6344
9400
1747
7923
846
3676
2174
8241
3925
239
1430
5059
6482
519
5588
3575
1077
4923
6331
5864
7710
3539
3087
679
1131
4467
7541
8096
8589
4645
5888
7439
6808
9076
8573
5329
8098
9867
3671
5356
4948
7613
9687
1572
7045
2614
1024
2481
6114
8324
2040
6851
1261
821
1236
6544
6437
1224
4677
9488
924
9872
3239
9150
2593
8090
1342
2749
9631
9820
9137
2191
7231
280
7449
8282
6267
3868
9393
4781
1036
1419
1831
316
7641
3601
6527
6314
19
2306
2126
4228
9230
9199
6543
6571
3541
3198
2387
9687
4578
6205
7500
4668
9097
3191
635
8664
7831
6013
7287
4842
3188
9054
9008
7257
4667
3468
869
2782
8764
1247
382
7477
6168
4621
9385
8035
4358
6012
6004
335
2558
4442
2456
9659
2127
3778
9130
3624
7618
4657
467
999
6218
4712
2078
7829
709
7496
7550
9565
6083
6695
830
124
5857
2771
8152
1895
166
6131
7551
9446
4280
3026
9909
9609
9274
7241
8057
2017
2714
6441
3231
760
2028
9152
8028
7516
8054
101
8475
9108
4199
3974
8686
8322
1486
1676
3052
1579
9538
1829
8452
8366
8059
6478
6567
7058
2855
837
8088
5748
9568
3276
275
8016
376
7239
6885
2870
1807
1751
560
5530
2071
6442
1904
395
3173
9277
7121
4550
6203
5127
3611
4343
6070
7002
7163
7949
8029
8206
5326
7305
2964
3022
8071
9377
2329
6510
9499
3915
5093
1296
9553
6512
1186
7008
6230
931
6753
6461
8622
2866
6145
5514
4139
8500
2439
2226
7998
7835
3742
4054
5678
2261
2612
138
3942
9011
2772
6411
5113
7478
4120
7462
3356
835
224
4907
5
6785
3643
7376
8036
6246
8667
7280
953
278
3076
7264
9938
639
6549
1795
9352
8667
6079
989
6786
852
9369
2635
3262
9888
4924
6287
4833
8810
6360
1958
8668
4054
1236
9810
2788
9903
253
8672
4250
9080
3499
7633
911
8331
7452
7249
5988
9237
3349
7876
2065
9033
5019
1670
1920
3630
4129
3296
7685
8110
3151
6401
2083
3852
4796
4797
1863
3883
9099
5776
1330
491
4056
2286
4561
4921
5941
7323
4044
7601
3307
3322
9527
8612
4621
6360
9638
7425
9945
8910
2227
3085
7064
2803
3123
1314
7907
2886
5391
4641
4152
4140
4002
3058
9702
8060
2359
5816
4961
1656
8056
2342
9327
8448
1775
1886
5979
8320
3871
3210
5638
2289
7346
8987
93
8586
2222
6425
4619
8674
8642
3670
7917
3393
8730
4362
248
1648
6811
936
5043
3379
6649
529
1628
9195
709
279
2328
135
8443
2197
4131
5111
3735
4888
4141
8238
8869
6243
7294
4169
1212
3396
4669
3580
9620
4591
7973
8679
6056
812
5443
3273
3955
9830
717
9000
7852
8276
7226
4850
6522
4700
9365
2170
5624
223
1952
2510
2833
370
1489
1670
6933
6883
9259
1020
3829
4210
4648
2945
2734
3990
3372
5039
8850
9434
1962
9219
4390
7947
3804
6962
8914
3603
4492
4486
3434
8450
9340
2358
4540
2886
9283
4046
4470
3013
390
7056
3784
4558
7304
3906
3834
9448
8149
7422
8748
2789
5498
2177
5216
1242
4851
9682
2696
3728
6607
9156
3569
2283
5096
8978
5853
4256
3124
9752
6008
5307
8907
5260
2677
4890
1294
8987
3531
5930
2424
3091
3272
7291
1868
3489
2595
4675
3223
5796
9380
2680
843
7954
3079
2423
6628
4162
8635
199
4843
8792
3933
7016
3523
4435
6619
7925
9730
1724
4499
9265
3037
7805
1972
2292
4726
7690
3530
115
7185
1938
1430
1737
8373
1312
6373
9123
8346
8916
2174
5511
5818
2901
6145
5346
6944
6844
2661
517
6030
4901
5288
7599
6993
128
6212
8152
2279
608
2808
8797
9810
5500
5767
6336
7828
790
9638
3183
132
4198
751
7210
2
9779
9954
6728
3675
9984
9530
7746
7927
8655
3111
1230
5972
4566
1742
6327
7222
7223
2593
3773
31
9395
4785
4728
9050
1844
9462
5167
3337
3783
817
6342
4591
5693
4197
7468
2452
2424
9004
5517
4415
2014
2531
3737
1415
8597
2626
7288
3951
1453
9865
506
5410
5472
5361
4198
1220
3540
5365
2668
3311
5100
3724
3202
3069
2995
3174
3177
907
2974
4142
9459
7974
9599
7145
4748
8579
5227
3783
9644
4411
4031
4995
5828
9333
2102
2664
5081
7749
4014
3811
3571
266
3962
1151
9578
4796
3616
5392
7033
1326
8536
428
6334
4570
3266
7149
4868
8143
1374
5670
7022
3218
2022
5797
5597
6941
3252
2309
3354
8481
2174
3307
1592
7289
2769
5855
7245
9260
6306
2541
4689
9698
4136
2982
1263
6394
2805
8755
879
7201
3833
7106
9169
6821
498
5137
621
6458
3821
5009
7853
4784
8089
6212
9388
3614
4972
7817
132
5121
9044
43
7621
8088
3898
7254
7181
8078
8848
9480
7222
8877
4299
8439
3420
5765
4214
7286
720
2143
9834
3404
7120
5562
8293
8435
2101
5302
9342
4995
4589
4005
2384
1453
8839
1493
4248
8439
9681
3675
9834
7088
1839
2806
9411
3221
1078
6095
3775
1056
1614
2362
6763
1280
4943
8207
1680
655
1087
4564
7434
6765
9221
4399
7576
6767
8156
2788
3445
8214
3044
9435
7229
6314
9811
2607
324
764
8815
393
9195
7539
4656
8677
36
5563
9820
8434
4168
4068
4676
629
6123
5020
2210
835
4904
8664
2039
1003
6521
4422
8292
8769
2799
7716
649
9439
9723
4261
6663
7491
7316
7269
7764
5710
8735
2090
5311
1301
8342
120
1774
5035
2701
4212
6983
4315
4690
6362
3559
4669
8400
4381
6158
7675
2294
2020
7776
9601
39
115
7085
1299
1423
3332
8721
5868
7244
6258
7937
6560
9676
8719
6315
4336
6716
5713
6253
868
5250
9003
2900
8086
1661
9427
766
9056
6178
277
8088
7453
1361
4311
7495
7366
6392
9102
358
446
8444
1254
9532
4063
3960
3832
5163
7594
2452
7850
3453
6771
5480
7685
3572
358
5511
3548
6207
7400
1881
5891
2608
6918
1047
4063
8777
5324
6068
3688
5121
4481
5547
4694
5374
8126
6965
8629
8076
987
3662
9808
7012
4837
1806
7287
3700
7470
5233
273
6849
9573
2885
4334
9285
1707
5793
7050
240
1268
5367
4333
726
3070
4875
2645
9507
4763
4422
3139
349
8212
9619
8323
7252
4933
259
7103
9383
4239
6233
2125
8667
6689
2402
9395
6114
4647
5515
9101
7740
7899
662
7990
3933
7889
1369
9114
7236
3925
1736
9827
3185
1874
2399
1860
9208
1405
6738
8463
7362
8574
9081
3209
5571
6461
4230
7438
3500
9066
4118
5925
9358
8995
3994
7734
7616
5323
243
2228
9234
542
3650
5357
9079
3551
4345
4697
5846
9084
2923
3602
2102
9281
5441
6451
6783
9962
4253
2092
8345
9143
4796
958
9929
4504
7777
5304
3675
7807
6335
1165
4050
6784
9084
6150
4157
5801
7266
5501
5461
2398
8975
5920
4094
3744
1670
4156
995
312
609
2533
921
6568
3464
3818
1593
9635
8094
2273
9464
7827
9663
3645
321
1828
3971
6963
2968
2018
9480
3380
7291
5630
178
243
4193
8221
2706
9137
5335
881
6941
6917
5498
8034
2368
3489
8277
7732
5682
53
2990
6680
8108
7916
5444
9714
5459
7116
1540
6454
9220
9773
2528
2672
340
5733
493
6814
7722
4443
5425
5374
5749
307
27
4219
9906
6918
1097
8187
1189
7909
4376
3096
1005
185
9731
5531
9798
1354
250
8250
556
7712
4923
9145
8499
7282
6025
3850
5795
7786
1281
9855
4161
2135
8442
8102
316
2864
9535
9337
9797
7404
1577
2524
9936
7600
3199
2343
7907
3120
6214
4205
9064
6313
4410
8275
658
1943
3750
3957
5656
5418
7775
6827
1439
2795
8124
3071
1119
1045
6432
7165
8433
2500
8346
4570
5007
7599
3397
9772
9306
8498
3901
8948
7262
3011
3819
1494
1805
5006
9684
8337
4393
7893
3104
1290
6094
4466
8448
5047
1872
9574
7287
4884
5464
5722
6991
9488
9634
2534
7729
17
1386
9345
3947
258
6717
9142
8083
9706
8706
1432
5946
8418
4615
2866
6181
7564
9743
6714
9450
8317
5043
6898
2052
4327
9188
2328
9856
9321
305
4246
9265
1094
1100
6872
7809
474
4495
1179
5356
3946
8429
5321
3130
3434
4498
9176
3136
3822
4470
1113
5475
7324
6058
7622
3206
8453
5841
6103
1067
5929
9676
9010
645
8486
3005
5953
4605
9780
7493
4900
2729
7297
3698
2120
1562
4435
7929
6414
6994
4193
696
3570
5417
7268
2537
9824
8174
4936
9974
3358
259
346
3222
4632
4973
5663
6172
2058
6269
5877
1363
5007
8609
7213
5304
2861
6916
398
9290
4395
8432
8655
5905
6331
285
9891
7821
2346
7455
5278
6011
5084
258
4410
5115
8373
2939
4417
4604
634
7259
149
9341
4226
1087
4189
4858
204
5413
5851
5445
1478
9325
7378
305
5174
3287
7503
6420
9000
6912
6277
678
2039
6885
5214
5756
4098
7394
5535
6960
9713
6298
5383
2913
140
8628
8822
8144
7541
184
8202
3765
5701
2807
1807
3055
9174
8367
4901
805
7685
3879
9704
5119
7811
1413
9256
5892
9627
3744
7583
3460
9385
1870
2307
4455
8887
4592
9754
8711
3977
8484
8668
6293
9064
5552
1108
5681
5548
3024
8665
6776
7185
1175
3007
8981
3966
734
238
5836
5943
9455
5343
2874
6221
7479
225
2768
6927
6939
7214
1236
9906
5019
3104
9347
5518
1574
3100
9641
9500
6108
5505
4389
4901
5081
9836
9991
988
3336
1202
5416
9808
6346
9165
7622
1089
5178
9950
4676
1094
8113
5805
574
7551
8432
7761
8794
510
3398
7660
4180
3720
9169
7758
9288
7316
5265
6433
783
3442
695
6808
5184
8332
2381
2379
1159
5548
6963
2390
5318
7036
2116
2635
5343
9284
1710
2030
9453
2505
6559
5039
3554
8217
4994
5455
8751
7786
7512
4031
502
2521
774
968
2397
1172
5890
9637
6370
9953
107
8054
9006
4646
2633
3483
1239
4727
8163
4190
4041
4939
5066
7229
1740
2198
2956
4215
3134
1312
7391
2094
8445
9165
6500
5231
7930
619
3428
9372
8252
1683
3768
3091
1075
3563
1312
7659
3812
8659
2738
348
7026
6125
4381
3343
4947
9442
5720
2821
9108
9690
8438
5939
3920
7970
7675
2260
8058
2014
4096
4653
6019
390
7533
2037
7252
8812
3105
2174
368
3078
2199
3943
7567
2442
1026
9095
9240
6387
6033
3195
4803
290
6222
8674
8714
4476
5282
1010
7225
2024
5246
1314
4643
8038
8796
9277
6774
390
8595
5522
3955
1256
5216
1799
5400
4250
6506
7788
5431
6721
4957
1309
716
2619
9154
1584
3801
3050
5666
642
4353
6655
1071
5601
4691
6180
6389
9239
9045
4850
9947
9120
2791
3563
5121
3392
1630
9246
837
8232
9136
5562
8368
2668
1454
1044
687
2519
9682
9826
3661
6694
89
9607
2708
9023
6862
6457
7568
2502
1111
473
5443
6882
8171
7361
122
5570
4277
3882
2603
2580
4664
7871
3975
4092
1595
9883
6522
7162
3596
5539
1220
1714
5621
7114
6487
1472
8248
3682
2545
9259
3649
7268
2895
6152
3235
1873
3182
6
8379
5684
8138
6028
2656
47
6975
1350
1815
4635
2405
8463
2706
735
4587
9924
7086
5584
8582
609
6026
9238
8578
8679
4692
3944
4519
9504
4583
4308
7587
3687
7119
1397
2816
5203
9109
7344
5106
6169
2059
1258
2470
583
1313
5405
1071
5384
5219
3877
1336
4423
9989
9476
4249
6250
1378
4392
1204
4472
9192
300
9213
3854
1858
9182
5246
3477
7069
8434
4098
5091
3746
1934
5470
3792
3435
4439
3630
5340
9690
574
461
6885
8490
4849
2905
8163
8022
2025
360
382
6513
9379
8066
8918
3323
4698
4595
1411
4112
4476
9283
3808
1002
9061
8239
5825
7743
377
3283
7129
5833
6141
8887
7036
2539
1231
6534
2653
4569
5
3449
8310
3872
2866
3815
8388
6289
5025
2871
1539
1562
8478
2556
7421
9186
3488
104
122
6321
517
373
1541
3355
9897
4491
5532
1173
1209
3802
7915
1350
1141
3862
6741
6457
6709
3099
310
3611
5570
8274
5230
2088
8275
2288
2707
7320
3090
6362
5249
5458
9405
7481
4207
7409
8011
7097
1049
2395
8920
9859
2277
2276
2003
6078
8471
3985
7592
8120
9784
6846
3304
651
6184
5556
1075
2405
4503
3995
5378
4407
516
7088
8336
860
8051
9943
5243
3672
6006
5428
4899
4353
9148
431
9539
287
406
9893
2723
399
1901
6633
87
6468
1859
5382
7749
4405
1007
4645
5130
3798
9148
8301
4174
9255
1397
8078
8028
9824
6649
9686
9685
3819
6624
3838
641
9322
7906
4798
1754
3534
5192
2613
1382
6518
4590
4416
3661
1631
8370
779
2954
9000
662
5402
6991
5827
806
207
154
3295
9590
6504
6369
9732
8182
4982
7335
3403
5288
3573
7369
7694
7647
7942
7829
5172
5205
4208
9234
8074
933
5192
7295
361
8509
8206
1437
8760
7757
2925
7860
3312
3181
8331
573
434
8568
6605
5725
8956
2053
9766
6593
2545
2104
7119
2591
4127
3024
5658
364
6171
3069
7749
2984
7262
8179
612
5740
8519
9406
2348
6619
1009
5154
6264
3350
8127
1123
8309
2262
158
6466
4522
1246
2543
1094
3863
6059
1181
6661
5660
3724
3613
849
1556
8129
5322
6715
6245
3695
6634
6976
7282
5306
4402
9983
639
7035
4351
845
2779
6095
6511
1689
8188
2926
5486
6140
5006
5638
6010
6492
2130
3484
9739
9936
4188
9720
5279
6872
6680
1201
8454
2579
2312
4878
6549
9571
8766
2646
4593
991
7308
7849
1510
2616
7024
8006
955
5975
5859
6663
4250
4768
7991
2185
3832
968
7382
9699
1715
8553
7376
1554
7518
6813
9462
1385
5365
9761
1305
3469
8600
2752
6543
8419
5766
5391
9448
7481
8033
2864
7299
2640
1854
4329
2580
9147
890
5653
5378
2108
76
5216
543
2807
8868
2550
9865
4905
6738
8648
4394
13
9651
1828
2867
2035
8514
8348
8838
6326
5464
7627
9978
3082
4975
3901
7814
3338
3017
2145
8598
9855
7038
5312
2664
8014
8760
3085
2608
9038
4978
1371
5833
9181
3410
9303
9060
4183
4957
4573
8325
7836
9002
6878
1535
5822
8296
8874
1098
8608
4650
6151
187
9512
6157
894
5257
2262
5644
4142
5190
6180
6705
9967
8969
3308
4446
1374
2210
2716
9892
9256
2241
3816
641
9070
9121
4307
9529
1219
5498
4885
6543
3263
1873
1893
7875
7353
5897
7797
948
4576
4526
1424
1892
892
89
5602
5152
3006
9633
9320
2646
5341
7401
9715
9672
3196
3460
9374
7452
654
2451
9430
3121
5151
7558
1314
6850
2738
8544
8265
4997
7590
9581
6887
8605
7648
2058
5640
7118
3714
6573
671
5547
4569
4044
60
9695
8348
9788
92
6627
7094
4573
6780
9815
2699
452
8099
4352
7469
6884
7483
1983
3681
7471
9506
8900
9334
1350
5306
1517
7981
5581
5610
2540
1017
7088
1402
9207
8766
6198
7427
2238
7079
6260
8042
5927
4242
6416
5755
1091
1483
8148
5349
6977
8027
1054
8848
1289
8382
9502
3644
5823
5965
2125
136
7282
5648
6089
3496
9764
312
4300
4434
5716
1991
1137
5666
1194
5862
2040
1665
7515
3379
1992
5973
2519
8608
4748
7475
8643
2033
9560
5672
8677
3678
9935
2871
5226
2615
9463
3051
209
3674
7028
3984
3825
7393
6778
5381
1348
9993
4771
8351
484
3135
3400
812
2719
4794
9306
6010
8874
4810
3446
4002
8413
7772
5392
6752
9653
3159
6476
3397
761
654
9441
1616
2166
8076
3274
3504
4868
7731
1861
1245
4546
1238
8138
9993
5538
6626
3806
6572
5331
4411
1651
6706
9300
7446
541
4814
946
9038
1120
2483
648
541
4854
1959
4282
7455
9794
2042
1035
7199
1214
6198
1773
3685
3651
936
797
7393
894
8236
9894
4283
4387
7651
3004
4114
5539
54
9960
2410
2849
4096
3998
8772
3672
1883
2072
5906
7649
1616
4380
3922
2811
5264
7489
5149
5886
8115
6220
882
955
9842
6008
7665
815
7666
2237
7317
9543
3771
1506
2467
5027
5703
5211
1236
7958
8033
7256
6334
9054
3379
3950
8245
9340
6298
8387
1512
3729
6212
5800
2141
131
3617
897
8006
4015
6370
5342
2489
1064
6102
944
8904
6319
8367
1564
8403
8243
8268
4054
6480
4783
7416
401
6869
4181
7035
174
2268
9241
2488
816
8146
6064
7618
5785
5192
1597
4493
2890
1056
1952
6280
855
29
3902
8596
8750
5665
2239
6534
3232
3257
6252
2810
8576
6639
1880
5020
1113
4836
4411
395
6466
4796
4781
8979
204
2441
609
8074
1895
3065
1389
3236
2307
2869
2358
6333
1842
1254
1362
9795
4026
1415
2474
8044
6202
3372
8455
5868
3508
1413
221
4854
5201
6753
4625
426
9614
3633
9970
1763
5436
8544
6492
5920
2102
8812
8728
5862
8610
4356
4795
3582
3868
8470
6919
1746
5206
794
3825
3857
8837
3259
9009
8859
2364
5606
7144
8397
5209
178
735
9368
774
2058
8289
6843
4171
4485
1092
7942
3378
9365
1155
2988
9853
728
9597
5135
9932
1003
817
1719
1016
7764
6788
7066
4
3094
2163
5346
1330
8716
2049
3174
2708
3560
71
2503
8085
4500
1569
114
6115
5326
8952
1698
5567
1159
2860
6389
9389
5621
980
8140
3653
1741
7125
1801
8254
6444
8436
8014
1220
8700
4643
2589
5227
3635
1910
6522
8770
6708
8740
9475
3356
1871
71
6953
5474
6824
3047
4954
6085
3686
6513
6945
4492
239
7214
568
9351
2284
2843
8780
2814
561
2800
9617
3277
2187
1186
1371
1037
8106
5565
7725
3116
721
6987
4903
7796
4465
5998
8763
2176
4955
7608
878
9684
3866
7032
3551
3716
1653
1058
8180
2544
2848
5111
372
1317
1540
7964
3343
4640
4209
7157
4983
7215
4721
4405
7500
6145
3203
9572
3789
5233
2327
2102
4249
1323
8309
7229
6895
4928
7541
53
6701
5674
1366
8405
6320
8566
2319
2258
2058
5709
8749
4742
1667
7626
678
4878
2023
4517
6668
5111
4776
6691
5910
8914
9102
9868
9131
6053
4335
732
103
6129
8509
5751
8054
760
6516
4550
9132
4333
2405
4634
3091
6412
8148
3511
2854
4367
3679
9923
5671
7420
2259
9698
8156
3546
4637
2649
3211
3913
9868
3477
9303
811
5164
2349
4566
6485
6095
2087
7594
367
873
2009
2471
909
449
2679
8222
7451
5268
1921
6445
1694
3973
9012
8437
5105
1853
4844
1782
4497
3829
9271
9012
7518
151
3371
5788
8865
1682
8418
5539
5803
3231
8424
8699
5065
7370
3964
9613
3059
8534
2807
8422
1392
6851
1516
1577
9444
2552
4404
6256
8979
8023
2481
8975
5562
5283
8346
2014
7803
5779
202
6361
9248
2225
3169
77
9653
1462
5821
7348
6857
5343
1899
5135
4989
2366
2555
2289
4322
1669
8580
7093
9103
655
4998
1297
6332
8543
6297
1047
5183
1150
7768
723
2887
301
5485
1657
7396
3244
98
5545
4466
2821
9491
5300
4339
1904
2832
7243
202
6409
9128
8989
5136
2929
1647
3487
2111
8591
6588
1205
7009
8059
231
850
8366
9805
7110
5242
5387
9862
589
7058
9222
9398
1110
1203
6956
7826
3187
3333
7926
3087
5190
2240
4430
555
849
704
1848
1261
699
1948
5741
1795
8908
4200
8690
8806
7591
3836
5541
8769
1220
3635
3530
5123
9300
7401
7780
1312
9204
645
8939
3705
